id	perc_enrichment_study	perc_enrichment_pop	fold_enrichment_study2pop	study_count	study_n	pop_count	pop_n	p_uncorrected	p_bonferroni	description	ANs_study
GO:0016568	7.7	3.1	2.49	87	1125	35	1125	1.47e-06	0.00722	chromatin modification	P02309,P06786,P11632,P11633,P14164,P14832,P14922,P15646,P16649,P17106,P18480,P18888,P22082,P22579,P23615,P25357,P25554,P31385,P32447,P32494,P32561,P32591,P32597,P32657,P32832,P35177,P35189,P35817,P36053,P36124,P38129,P38144,P38199,P38255,P38827,P38911,P39001,P39956,P40019,P40154,P40161,P40466,P40505,P41813,P43572,P43579,P43583,P43609,P52910,P53040,P53064,P53165,P53946,P53973,P60010,P80428,Q01448,Q01574,Q01939,Q02206,Q02336,Q02908,Q03012,Q03330,Q03388,Q03761,Q03833,Q03940,Q04003,Q04779,Q05123,Q05580,Q06205,Q06337,Q06629,Q06639,Q07457,Q07458,Q07794,Q08649,Q08923,Q08925,Q12060,Q12345,Q12433,Q12692,Q99314
GO:0006325	9.2	4.1	2.24	103	1125	46	1125	1.58e-06	0.00776	chromatin organization	P02293,P02309,P04911,P06786,P06843,P07248,P11632,P11633,P13712,P14164,P14832,P14922,P15646,P16649,P17106,P18480,P18888,P21951,P22082,P22579,P23615,P25357,P25554,P31385,P32447,P32494,P32558,P32561,P32591,P32597,P32657,P32832,P35177,P35189,P35817,P36053,P36124,P38129,P38144,P38199,P38255,P38827,P38911,P39001,P39956,P40019,P40154,P40161,P40466,P40505,P41813,P43572,P43579,P43583,P43609,P48570,P52910,P53040,P53064,P53165,P53551,P53946,P53973,P60010,P61830,P80428,Q01448,Q01574,Q01939,Q02159,Q02206,Q02336,Q02455,Q02555,Q02908,Q03012,Q03330,Q03388,Q03761,Q03833,Q03940,Q04003,Q04779,Q05123,Q05580,Q06205,Q06337,Q06505,Q06629,Q06639,Q07457,Q07458,Q07794,Q08649,Q08923,Q08925,Q12060,Q12345,Q12433,Q12447,Q12495,Q12692,Q99314
GO:0032774	14.1	6.9	2.04	159	1125	78	1125	3e-08	0.000147	RNA biosynthetic process	O14467,P06843,P07248,P07284,P09959,P10964,P11632,P11633,P12383,P12385,P13393,P13574,P14164,P14922,P15424,P16649,P17106,P17629,P17890,P18480,P18888,P19263,P20134,P21538,P21957,P22035,P22082,P22138,P22579,P23255,P23293,P23615,P25302,P25441,P25502,P25554,P27692,P29055,P31385,P32432,P32447,P32494,P32558,P32561,P32591,P32597,P32657,P32776,P32832,P33417,P34161,P35169,P35177,P35189,P35817,P36053,P36124,P38088,P38129,P38144,P38255,P38351,P38705,P38882,P38931,P38996,P39001,P39073,P39520,P39521,P39678,P39927,P39956,P40040,P40154,P40161,P40466,P40470,P40489,P40505,P40535,P40553,P41696,P41813,P41895,P41896,P42073,P43572,P43579,P43609,P46669,P47006,P50105,P53040,P53063,P53064,P53114,P53165,P53276,P53438,P53552,P53617,P53628,P53946,P53973,P61830,P80428,P89105,Q00416,Q01080,Q01329,Q01448,Q02206,Q02336,Q02555,Q02642,Q02792,Q02908,Q03280,Q03330,Q03661,Q03750,Q03761,Q03833,Q03940,Q03973,Q04003,Q04116,Q04226,Q04545,Q04673,Q04779,Q05021,Q05123,Q05543,Q05958,Q06224,Q06337,Q06505,Q06629,Q06639,Q06679,Q06697,Q07457,Q07458,Q07478,Q07794,Q08421,Q08649,Q08887,Q08923,Q12060,Q12159,Q12345,Q12363,Q12433,Q12514,Q12692,Q99314
